2 0 1
5 0 1
6 0 1
9 0 1
10 0 1
12 0 1
14 0 1
18 0 1
19 0 1
20 0 1
21 0 1
24 0 1
25 0 1
27 0 1
28 0 1
29 0 1
30 0 1
2 1 1
3 1 1
6 1 1
10 1 1
11 1 1
13 1 1
15 1 1
16 1 1
17 1 1
24 1 1
26 1 1
28 1 1
30 1 1
0 2 1
1 2 1
6 2 1
7 2 1
8 2 1
10 2 1
11 2 1
12 2 1
14 2 1
15 2 1
18 2 1
20 2 1
22 2 1
26 2 1
28 2 1
30 2 1
31 2 1
1 3 1
5 3 1
6 3 1
7 3 1
8 3 1
9 3 1
11 3 1
13 3 1
14 3 1
16 3 1
18 3 1
20 3 1
22 3 1
28 3 1
29 3 1
30 3 1
31 3 1
5 4 1
8 4 1
10 4 1
11 4 1
15 4 1
16 4 1
17 4 1
19 4 1
20 4 1
22 4 1
23 4 1
24 4 1
27 4 1
28 4 1
29 4 1
31 4 1
0 5 1
3 5 1
4 5 1
8 5 1
15 5 1
17 5 1
18 5 1
19 5 1
20 5 1
21 5 1
22 5 1
24 5 1
25 5 1
26 5 1
27 5 1
29 5 1
30 5 1
0 6 1
1 6 1
2 6 1
3 6 1
7 6 1
10 6 1
12 6 1
16 6 1
17 6 1
18 6 1
19 6 1
20 6 1
21 6 1
23 6 1
24 6 1
25 6 1
27 6 1
29 6 1
30 6 1
2 7 1
3 7 1
6 7 1
11 7 1
12 7 1
13 7 1
15 7 1
16 7 1
17 7 1
18 7 1
22 7 1
24 7 1
26 7 1
27 7 1
30 7 1
31 7 1
2 8 1
3 8 1
4 8 1
5 8 1
11 8 1
13 8 1
14 8 1
16 8 1
19 8 1
21 8 1
27 8 1
28 8 1
30 8 1
31 8 1
0 9 1
3 9 1
12 9 1
15 9 1
17 9 1
18 9 1
19 9 1
24 9 1
25 9 1
27 9 1
28 9 1
30 9 1
31 9 1
0 10 1
1 10 1
2 10 1
4 10 1
6 10 1
11 10 1
12 10 1
13 10 1
14 10 1
15 10 1
16 10 1
17 10 1
18 10 1
21 10 1
23 10 1
25 10 1
30 10 1
31 10 1
1 11 1
2 11 1
3 11 1
4 11 1
7 11 1
8 11 1
10 11 1
12 11 1
15 11 1
18 11 1
19 11 1
21 11 1
23 11 1
24 11 1
27 11 1
28 11 1
29 11 1
31 11 1
0 12 1
2 12 1
6 12 1
7 12 1
9 12 1
10 12 1
11 12 1
13 12 1
14 12 1
17 12 1
19 12 1
21 12 1
24 12 1
27 12 1
28 12 1
29 12 1
30 12 1
31 12 1
1 13 1
3 13 1
7 13 1
8 13 1
10 13 1
12 13 1
15 13 1
17 13 1
19 13 1
22 13 1
24 13 1
25 13 1
28 13 1
30 13 1
0 14 1
2 14 1
3 14 1
8 14 1
10 14 1
12 14 1
15 14 1
19 14 1
20 14 1
21 14 1
22 14 1
23 14 1
26 14 1
27 14 1
28 14 1
29 14 1
30 14 1
1 15 1
2 15 1
4 15 1
5 15 1
7 15 1
9 15 1
10 15 1
11 15 1
13 15 1
14 15 1
16 15 1
17 15 1
22 15 1
24 15 1
25 15 1
26 15 1
27 15 1
30 15 1
1 16 1
3 16 1
4 16 1
6 16 1
7 16 1
8 16 1
10 16 1
15 16 1
17 16 1
18 16 1
21 16 1
27 16 1
28 16 1
29 16 1
1 17 1
4 17 1
5 17 1
6 17 1
7 17 1
9 17 1
10 17 1
12 17 1
13 17 1
15 17 1
16 17 1
20 17 1
21 17 1
23 17 1
26 17 1
28 17 1
31 17 1
0 18 1
2 18 1
3 18 1
5 18 1
6 18 1
7 18 1
9 18 1
10 18 1
11 18 1
16 18 1
19 18 1
20 18 1
21 18 1
22 18 1
24 18 1
27 18 1
28 18 1
30 18 1
31 18 1
0 19 1
4 19 1
5 19 1
6 19 1
8 19 1
9 19 1
11 19 1
12 19 1
13 19 1
14 19 1
18 19 1
24 19 1
0 20 1
2 20 1
3 20 1
4 20 1
5 20 1
6 20 1
14 20 1
17 20 1
18 20 1
22 20 1
23 20 1
24 20 1
25 20 1
27 20 1
30 20 1
31 20 1
0 21 1
5 21 1
6 21 1
8 21 1
10 21 1
11 21 1
12 21 1
14 21 1
16 21 1
17 21 1
18 21 1
24 21 1
28 21 1
29 21 1
30 21 1
31 21 1
2 22 1
3 22 1
4 22 1
5 22 1
7 22 1
13 22 1
14 22 1
15 22 1
18 22 1
20 22 1
24 22 1
26 22 1
27 22 1
28 22 1
30 22 1
4 23 1
6 23 1
10 23 1
11 23 1
14 23 1
17 23 1
20 23 1
24 23 1
25 23 1
26 23 1
27 23 1
28 23 1
29 23 1
31 23 1
0 24 1
1 24 1
4 24 1
5 24 1
6 24 1
7 24 1
9 24 1
11 24 1
12 24 1
13 24 1
15 24 1
18 24 1
19 24 1
20 24 1
21 24 1
22 24 1
23 24 1
28 24 1
31 24 1
0 25 1
5 25 1
6 25 1
9 25 1
10 25 1
13 25 1
15 25 1
20 25 1
23 25 1
28 25 1
29 25 1
1 26 1
2 26 1
5 26 1
7 26 1
14 26 1
15 26 1
17 26 1
22 26 1
23 26 1
27 26 1
28 26 1
30 26 1
31 26 1
0 27 1
4 27 1
5 27 1
6 27 1
7 27 1
8 27 1
9 27 1
11 27 1
12 27 1
14 27 1
15 27 1
16 27 1
18 27 1
20 27 1
22 27 1
23 27 1
26 27 1
28 27 1
30 27 1
31 27 1
0 28 1
1 28 1
2 28 1
3 28 1
4 28 1
8 28 1
9 28 1
11 28 1
12 28 1
13 28 1
14 28 1
16 28 1
17 28 1
18 28 1
21 28 1
22 28 1
23 28 1
24 28 1
25 28 1
26 28 1
27 28 1
29 28 1
0 29 1
3 29 1
4 29 1
5 29 1
6 29 1
11 29 1
12 29 1
14 29 1
16 29 1
21 29 1
23 29 1
25 29 1
28 29 1
0 30 1
1 30 1
2 30 1
3 30 1
5 30 1
6 30 1
7 30 1
8 30 1
9 30 1
10 30 1
12 30 1
13 30 1
14 30 1
15 30 1
18 30 1
20 30 1
21 30 1
22 30 1
26 30 1
27 30 1
2 31 1
3 31 1
4 31 1
7 31 1
8 31 1
9 31 1
10 31 1
11 31 1
12 31 1
17 31 1
18 31 1
20 31 1
21 31 1
23 31 1
24 31 1
26 31 1
27 31 1