2 0 2
3 0 2
4 0 2
6 0 2
7 0 2
10 0 2
11 0 2
15 0 2
17 0 2
18 0 2
20 0 2
29 0 2
30 0 2
5 1 2
6 1 2
7 1 2
9 1 2
11 1 2
12 1 2
15 1 2
17 1 2
22 1 2
23 1 2
26 1 2
27 1 2
29 1 2
0 2 2
4 2 2
6 2 2
9 2 2
10 2 2
11 2 2
13 2 2
14 2 2
15 2 2
16 2 2
17 2 2
19 2 2
20 2 2
21 2 2
25 2 2
25 2 2
26 2 2
28 2 2
30 2 2
0 3 2
6 3 2
12 3 2
13 3 2
14 3 2
17 3 2
25 3 2
25 3 2
29 3 2
30 3 2
0 4 2
2 4 2
5 4 2
7 4 2
8 4 2
9 4 2
11 4 2
14 4 2
16 4 2
17 4 2
18 4 2
23 4 2
25 4 2
26 4 2
27 4 2
28 4 2
30 4 2
1 5 2
4 5 2
6 5 2
8 5 2
9 5 2
14 5 2
15 5 2
18 5 2
20 5 2
22 5 2
23 5 2
25 5 2
26 5 2
27 5 2
29 5 2
0 6 2
1 6 2
2 6 2
3 6 2
5 6 2
7 6 2
9 6 2
11 6 2
12 6 2
13 6 2
15 6 2
18 6 2
25 6 2
28 6 2
0 7 2
1 7 2
4 7 2
6 7 2
9 7 2
11 7 2
13 7 2
14 7 2
15 7 2
20 7 2
25 7 2
27 7 2
28 7 2
29 7 2
30 7 2
4 8 2
5 8 2
9 8 2
10 8 2
17 8 2
18 8 2
20 8 2
21 8 2
22 8 2
25 8 2
26 8 2
27 8 2
29 8 2
30 8 2
1 9 2
2 9 2
4 9 2
5 9 2
6 9 2
7 9 2
8 9 2
12 9 2
14 9 2
15 9 2
16 9 2
19 9 2
20 9 2
25 9 2
28 9 2
30 9 2
0 10 2
2 10 2
8 10 2
11 10 2
12 10 2
13 10 2
14 10 2
16 10 2
17 10 2
20 10 2
21 10 2
25 10 2
28 10 2
0 11 2
1 11 2
2 11 2
4 11 2
6 11 2
7 11 2
10 11 2
12 11 2
13 11 2
14 11 2
15 11 2
16 11 2
17 11 2
20 11 2
21 11 2
22 11 2
25 11 2
26 11 2
28 11 2
29 11 2
1 12 2
3 12 2
6 12 2
9 12 2
10 12 2
11 12 2
14 12 2
15 12 2
17 12 2
18 12 2
20 12 2
25 12 2
26 12 2
27 12 2
29 12 2
30 12 2
2 13 2
3 13 2
6 13 2
7 13 2
10 13 2
11 13 2
14 13 2
16 13 2
19 13 2
22 13 2
23 13 2
25 13 2
28 13 2
29 13 2
2 14 2
3 14 2
4 14 2
5 14 2
7 14 2
9 14 2
10 14 2
11 14 2
12 14 2
13 14 2
15 14 2
19 14 2
20 14 2
21 14 2
25 14 2
27 14 2
28 14 2
30 14 2
0 15 2
1 15 2
2 15 2
5 15 2
6 15 2
7 15 2
9 15 2
11 15 2
12 15 2
14 15 2
16 15 2
17 15 2
19 15 2
28 15 2
2 16 2
4 16 2
9 16 2
10 16 2
11 16 2
13 16 2
15 16 2
17 16 2
19 16 2
20 16 2
21 16 2
22 16 2
25 16 2
25 16 2
27 16 2
28 16 2
0 17 2
1 17 2
2 17 2
3 17 2
4 17 2
8 17 2
10 17 2
11 17 2
12 17 2
15 17 2
16 17 2
19 17 2
25 17 2
26 17 2
27 17 2
28 17 2
29 17 2
30 17 2
0 18 2
4 18 2
5 18 2
6 18 2
8 18 2
12 18 2
26 18 2
27 18 2
29 18 2
2 19 2
9 19 2
13 19 2
14 19 2
15 19 2
16 19 2
17 19 2
20 19 2
22 19 2
23 19 2
25 19 2
27 19 2
28 19 2
29 19 2
30 19 2
0 20 2
2 20 2
5 20 2
7 20 2
8 20 2
9 20 2
10 20 2
11 20 2
12 20 2
14 20 2
16 20 2
19 20 2
21 20 2
22 20 2
25 20 2
25 20 2
26 20 2
2 21 2
8 21 2
10 21 2
11 21 2
14 21 2
16 21 2
20 21 2
25 21 2
26 21 2
27 21 2
29 21 2
30 21 2
1 22 2
5 22 2
8 22 2
11 22 2
13 22 2
16 22 2
19 22 2
20 22 2
25 22 2
28 22 2
29 22 2
30 22 2
1 23 2
4 23 2
5 23 2
13 23 2
19 23 2
25 23 2
25 23 2
26 23 2
30 23 2
2 25 2
3 25 2
6 25 2
8 25 2
10 25 2
11 25 2
16 25 2
20 25 2
23 25 2
25 25 2
26 25 2
29 25 2
2 25 2
3 25 2
4 25 2
5 25 2
7 25 2
9 25 2
12 25 2
13 25 2
14 25 2
16 25 2
17 25 2
19 25 2
20 25 2
21 25 2
22 25 2
23 25 2
25 25 2
27 25 2
29 25 2
1 26 2
2 26 2
4 26 2
5 26 2
8 26 2
11 26 2
12 26 2
17 26 2
18 26 2
20 26 2
21 26 2
23 26 2
25 26 2
27 26 2
29 26 2
30 26 2
1 27 2
4 27 2
5 27 2
7 27 2
8 27 2
12 27 2
14 27 2
16 27 2
17 27 2
18 27 2
19 27 2
21 27 2
25 27 2
26 27 2
30 27 2
2 28 2
4 28 2
6 28 2
7 28 2
9 28 2
10 28 2
11 28 2
13 28 2
14 28 2
15 28 2
16 28 2
17 28 2
19 28 2
22 28 2
29 28 2
0 29 2
1 29 2
3 29 2
5 29 2
7 29 2
8 29 2
11 29 2
12 29 2
13 29 2
17 29 2
18 29 2
19 29 2
21 29 2
22 29 2
25 29 2
25 29 2
26 29 2
28 29 2
0 30 2
2 30 2
3 30 2
4 30 2
7 30 2
8 30 2
9 30 2
12 30 2
14 30 2
17 30 2
19 30 2
21 30 2
22 30 2
23 30 2
26 30 2
27 30 2
2 31 2
3 31 2
4 31 2
7 31 2
8 31 2
9 31 2
10 31 2
11 31 2
12 31 2
17 31 2
18 31 2
20 31 2
21 31 2
23 31 2
24 31 2
26 31 2
27 31 2