1 0 3
4 0 3
5 0 3
8 0 3
9 0 3
11 0 3
15 0 3
18 0 3
20 0 3
21 0 3
22 0 3
26 0 3
28 0 3
29 0 3
30 0 3
0 1 3
8 1 3
10 1 3
11 1 3
12 1 3
13 1 3
14 1 3
15 1 3
17 1 3
18 1 3
22 1 3
24 1 3
25 1 3
26 1 3
27 1 3
29 1 3
30 1 3
31 1 3
5 2 3
6 2 3
11 2 3
13 2 3
14 2 3
18 2 3
19 2 3
24 2 3
27 2 3
28 2 3
29 2 3
31 2 3
7 3 3
10 3 3
12 3 3
13 3 3
14 3 3
17 3 3
18 3 3
24 3 3
25 3 3
26 3 3
27 3 3
28 3 3
29 3 3
31 3 3
0 4 3
14 4 3
15 4 3
16 4 3
17 4 3
18 4 3
19 4 3
20 4 3
21 4 3
22 4 3
23 4 3
24 4 3
25 4 3
26 4 3
28 4 3
0 5 3
2 5 3
8 5 3
12 5 3
13 5 3
15 5 3
20 5 3
27 5 3
28 5 3
29 5 3
30 5 3
31 5 3
2 6 3
12 6 3
15 6 3
17 6 3
18 6 3
19 6 3
20 6 3
24 6 3
26 6 3
3 7 3
8 7 3
13 7 3
14 7 3
16 7 3
17 7 3
19 7 3
22 7 3
24 7 3
25 7 3
27 7 3
30 7 3
0 8 3
1 8 3
5 8 3
7 8 3
9 8 3
10 8 3
12 8 3
13 8 3
14 8 3
15 8 3
18 8 3
19 8 3
21 8 3
22 8 3
27 8 3
30 8 3
31 8 3
0 9 3
8 9 3
10 9 3
11 9 3
13 9 3
15 9 3
16 9 3
17 9 3
18 9 3
22 9 3
23 9 3
27 9 3
28 9 3
29 9 3
30 9 3
31 9 3
1 10 3
3 10 3
8 10 3
9 10 3
11 10 3
16 10 3
18 10 3
19 10 3
20 10 3
21 10 3
22 10 3
24 10 3
27 10 3
28 10 3
29 10 3
31 10 3
0 11 3
1 11 3
2 11 3
9 11 3
10 11 3
12 11 3
13 11 3
15 11 3
21 11 3
23 11 3
26 11 3
28 11 3
31 11 3
1 12 3
3 12 3
5 12 3
6 12 3
8 12 3
11 12 3
16 12 3
18 12 3
20 12 3
21 12 3
23 12 3
24 12 3
25 12 3
26 12 3
28 12 3
30 12 3
1 13 3
2 13 3
3 13 3
5 13 3
7 13 3
8 13 3
9 13 3
11 13 3
17 13 3
21 13 3
23 13 3
24 13 3
25 13 3
26 13 3
27 13 3
28 13 3
29 13 3
30 13 3
1 14 3
2 14 3
3 14 3
4 14 3
7 14 3
8 14 3
16 14 3
17 14 3
18 14 3
19 14 3
20 14 3
21 14 3
22 14 3
25 14 3
26 14 3
31 14 3
0 15 3
1 15 3
4 15 3
5 15 3
6 15 3
8 15 3
9 15 3
11 15 3
16 15 3
20 15 3
21 15 3
23 15 3
24 15 3
25 15 3
26 15 3
29 15 3
31 15 3
4 16 3
7 16 3
9 16 3
10 16 3
12 16 3
14 16 3
15 16 3
20 16 3
23 16 3
25 16 3
27 16 3
28 16 3
30 16 3
1 17 3
3 17 3
4 17 3
6 17 3
7 17 3
9 17 3
13 17 3
14 17 3
21 17 3
22 17 3
26 17 3
28 17 3
29 17 3
30 17 3
0 18 3
1 18 3
2 18 3
3 18 3
4 18 3
6 18 3
8 18 3
9 18 3
10 18 3
12 18 3
14 18 3
20 18 3
23 18 3
25 18 3
26 18 3
30 18 3
31 18 3
2 19 3
4 19 3
6 19 3
7 19 3
8 19 3
10 19 3
14 19 3
22 19 3
23 19 3
24 19 3
26 19 3
0 20 3
4 20 3
5 20 3
6 20 3
10 20 3
12 20 3
14 20 3
15 20 3
16 20 3
18 20 3
21 20 3
24 20 3
25 20 3
26 20 3
27 20 3
30 20 3
0 21 3
4 21 3
8 21 3
10 21 3
11 21 3
12 21 3
13 21 3
14 21 3
15 21 3
17 21 3
20 21 3
23 21 3
24 21 3
25 21 3
27 21 3
29 21 3
0 22 3
1 22 3
4 22 3
7 22 3
8 22 3
9 22 3
10 22 3
14 22 3
17 22 3
19 22 3
25 22 3
26 22 3
29 22 3
31 22 3
4 23 3
9 23 3
11 23 3
12 23 3
13 23 3
15 23 3
16 23 3
18 23 3
19 23 3
21 23 3
24 23 3
25 23 3
29 23 3
30 23 3
31 23 3
1 24 3
2 24 3
3 24 3
4 24 3
6 24 3
7 24 3
10 24 3
12 24 3
13 24 3
15 24 3
19 24 3
20 24 3
21 24 3
23 24 3
25 24 3
27 24 3
1 25 3
3 25 3
4 25 3
7 25 3
12 25 3
13 25 3
14 25 3
15 25 3
16 25 3
18 25 3
20 25 3
21 25 3
22 25 3
23 25 3
24 25 3
29 25 3
0 26 3
1 26 3
3 26 3
4 26 3
6 26 3
11 26 3
12 26 3
13 26 3
14 26 3
15 26 3
17 26 3
18 26 3
19 26 3
20 26 3
22 26 3
31 26 3
1 27 3
2 27 3
3 27 3
5 27 3
7 27 3
8 27 3
9 27 3
10 27 3
13 27 3
16 27 3
20 27 3
21 27 3
24 27 3
31 27 3
0 28 3
2 28 3
3 28 3
4 28 3
5 28 3
9 28 3
10 28 3
11 28 3
12 28 3
13 28 3
16 28 3
17 28 3
29 28 3
30 28 3
0 29 3
1 29 3
2 29 3
3 29 3
5 29 3
9 29 3
10 29 3
13 29 3
15 29 3
17 29 3
21 29 3
22 29 3
23 29 3
25 29 3
28 29 3
31 29 3
0 30 3
1 30 3
5 30 3
7 30 3
8 30 3
9 30 3
12 30 3
13 30 3
16 30 3
17 30 3
18 30 3
20 30 3
23 30 3
28 30 3
31 30 3
1 31 3
2 31 3
3 31 3
5 31 3
8 31 3
9 31 3
10 31 3
11 31 3
14 31 3
15 31 3
18 31 3
22 31 3
23 31 3
26 31 3
27 31 3
29 31 3
30 31 3