1 0 4
4 0 4
5 0 4
7 0 4
8 0 4
10 0 4
12 0 4
13 0 4
14 0 4
17 0 4
20 0 4
23 0 4
26 0 4
27 0 4
28 0 4
0 1 4
2 1 4
5 1 4
6 1 4
7 1 4
8 1 4
11 1 4
15 1 4
17 1 4
20 1 4
23 1 4
24 1 4
26 1 4
27 1 4
28 1 4
29 1 4
30 1 4
31 1 4
1 2 4
3 2 4
4 2 4
7 2 4
8 2 4
9 2 4
11 2 4
12 2 4
13 2 4
14 2 4
15 2 4
17 2 4
19 2 4
21 2 4
23 2 4
24 2 4
29 2 4
2 3 4
4 3 4
5 3 4
6 3 4
7 3 4
10 3 4
11 3 4
13 3 4
17 3 4
18 3 4
19 3 4
20 3 4
22 3 4
24 3 4
26 3 4
27 3 4
0 4 4
2 4 4
3 4 4
5 4 4
6 4 4
7 4 4
9 4 4
19 4 4
20 4 4
22 4 4
23 4 4
24 4 4
25 4 4
26 4 4
27 4 4
0 5 4
1 5 4
3 5 4
4 5 4
6 5 4
9 5 4
10 5 4
13 5 4
14 5 4
15 5 4
18 5 4
21 5 4
24 5 4
26 5 4
27 5 4
1 6 4
3 6 4
4 6 4
5 6 4
7 6 4
9 6 4
10 6 4
12 6 4
13 6 4
14 6 4
20 6 4
22 6 4
24 6 4
26 6 4
27 6 4
28 6 4
31 6 4
0 7 4
1 7 4
2 7 4
3 7 4
4 7 4
6 7 4
8 7 4
9 7 4
10 7 4
11 7 4
14 7 4
16 7 4
20 7 4
25 7 4
28 7 4
29 7 4
31 7 4
0 8 4
1 8 4
2 8 4
7 8 4
10 8 4
12 8 4
16 8 4
17 8 4
18 8 4
19 8 4
20 8 4
23 8 4
24 8 4
27 8 4
28 8 4
29 8 4
30 8 4
2 9 4
4 9 4
5 9 4
6 9 4
7 9 4
14 9 4
15 9 4
17 9 4
18 9 4
19 9 4
24 9 4
27 9 4
0 10 4
3 10 4
5 10 4
6 10 4
7 10 4
8 10 4
11 10 4
17 10 4
20 10 4
24 10 4
26 10 4
28 10 4
29 10 4
31 10 4
1 11 4
2 11 4
3 11 4
7 11 4
10 11 4
15 11 4
16 11 4
19 11 4
20 11 4
21 11 4
22 11 4
25 11 4
26 11 4
27 11 4
30 11 4
31 11 4
0 12 4
2 12 4
6 12 4
8 12 4
17 12 4
18 12 4
21 12 4
24 12 4
30 12 4
31 12 4
0 13 4
2 13 4
3 13 4
5 13 4
6 13 4
16 13 4
21 13 4
23 13 4
25 13 4
31 13 4
0 14 4
2 14 4
5 14 4
6 14 4
7 14 4
9 14 4
19 14 4
25 14 4
27 14 4
28 14 4
29 14 4
30 14 4
1 15 4
2 15 4
5 15 4
9 15 4
11 15 4
16 15 4
17 15 4
18 15 4
19 15 4
22 15 4
24 15 4
26 15 4
27 15 4
30 15 4
31 15 4
7 16 4
8 16 4
11 16 4
13 16 4
15 16 4
19 16 4
20 16 4
21 16 4
23 16 4
30 16 4
31 16 4
0 17 4
1 17 4
2 17 4
3 17 4
8 17 4
9 17 4
10 17 4
12 17 4
15 17 4
19 17 4
20 17 4
21 17 4
22 17 4
24 17 4
26 17 4
27 17 4
28 17 4
3 18 4
5 18 4
8 18 4
9 18 4
12 18 4
15 18 4
20 18 4
22 18 4
25 18 4
26 18 4
27 18 4
29 18 4
30 18 4
2 19 4
3 19 4
4 19 4
8 19 4
9 19 4
11 19 4
14 19 4
15 19 4
16 19 4
17 19 4
21 19 4
23 19 4
27 19 4
28 19 4
29 19 4
30 19 4
0 20 4
1 20 4
3 20 4
4 20 4
6 20 4
7 20 4
8 20 4
10 20 4
11 20 4
16 20 4
17 20 4
18 20 4
21 20 4
24 20 4
25 20 4
26 20 4
27 20 4
30 20 4
31 20 4
2 21 4
5 21 4
11 21 4
12 21 4
13 21 4
16 21 4
17 21 4
19 21 4
20 21 4
23 21 4
24 21 4
25 21 4
27 21 4
28 21 4
29 21 4
3 22 4
4 22 4
6 22 4
11 22 4
15 22 4
17 22 4
18 22 4
24 22 4
26 22 4
28 22 4
29 22 4
30 22 4
31 22 4
0 23 4
1 23 4
2 23 4
4 23 4
8 23 4
13 23 4
16 23 4
19 23 4
21 23 4
25 23 4
28 23 4
1 24 4
2 24 4
3 24 4
4 24 4
5 24 4
6 24 4
8 24 4
9 24 4
10 24 4
12 24 4
15 24 4
17 24 4
20 24 4
21 24 4
22 24 4
28 24 4
29 24 4
30 24 4
31 24 4
4 25 4
7 25 4
11 25 4
13 25 4
14 25 4
18 25 4
20 25 4
21 25 4
23 25 4
26 25 4
28 25 4
30 25 4
31 25 4
0 26 4
1 26 4
3 26 4
4 26 4
5 26 4
6 26 4
10 26 4
11 26 4
15 26 4
17 26 4
18 26 4
20 26 4
22 26 4
25 26 4
29 26 4
0 27 4
1 27 4
3 27 4
4 27 4
5 27 4
6 27 4
8 27 4
9 27 4
11 27 4
14 27 4
15 27 4
17 27 4
18 27 4
19 27 4
20 27 4
21 27 4
28 27 4
30 27 4
0 28 4
1 28 4
6 28 4
7 28 4
8 28 4
10 28 4
14 28 4
17 28 4
19 28 4
21 28 4
22 28 4
23 28 4
24 28 4
25 28 4
27 28 4
29 28 4
31 28 4
1 29 4
2 29 4
7 29 4
8 29 4
10 29 4
14 29 4
18 29 4
19 29 4
21 29 4
22 29 4
24 29 4
26 29 4
28 29 4
30 29 4
31 29 4
1 30 4
8 30 4
11 30 4
12 30 4
14 30 4
15 30 4
16 30 4
18 30 4
19 30 4
20 30 4
22 30 4
24 30 4
25 30 4
27 30 4
29 30 4
31 30 4
1 31 4
6 31 4
7 31 4
10 31 4
11 31 4
12 31 4
13 31 4
15 31 4
16 31 4
20 31 4
22 31 4
24 31 4
25 31 4
28 31 4
29 31 4
30 31 4