1 2 5
1 3 7
1 4 2
2 3 3
2 5 8
3 4 4
3 6 1
4 7 6
5 6 9
5 8 3
6 9 2
7 10 4
8 9 5
8 11 7
9 12 1
10 13 6
11 12 8
11 14 2
12 15 3
13 16 5
14 15 7
14 17 4
15 18 9
16 17 2
16 19 6
17 20 1
18 19 3
18 21 8
19 22 4
20 23 5
21 22 7
21 24 3
22 25 2
23 26 4
24 27 6
24 28 8
25 29 1
26 30 9
27 28 5
27 31 3
28 32 2
29 30 4
29 33 7
30 34 6
31 35 5
32 33 3
32 36 1
33 37 2
34 35 4
34 38 8
35 39 6
36 37 7
36 40 9
37 41 3
38 39 1
38 42 5
39 43 2
40 41 4
40 44 6
41 45 8
42 43 3
42 46 5
43 47 1
44 45 4
44 48 7
45 49 2
46 47 9
46 50 6
47 51 3
48 49 5
48 52 8
49 53 4
50 54 7
51 52 2
51 55 6
52 56 1
53 54 8
53 57 3
54 58 9
55 56 5
55 59 4
56 60 2
57 58 6
57 61 1
58 62 3
59 60 8
59 63 7
60 64 4
61 62 5
61 65 2
62 66 9
63 64 1
63 67 3
64 68 6
65 66 8
65 69 4
66 70 5
67 68 7
67 71 2
68 72 3
69 73 9
70 71 6
70 74 1
71 75 4
72 76 8
73 74 2
73 77 5
74 78 3
75 76 7
75 79 9
76 80 1
77 78 6
77 81 8
78 82 2
79 80 5
79 83 4
80 84 3
81 82 9
81 85 7
82 86 1
83 84 6
83 87 2
84 88 4
85 86 5
85 89 8
86 90 3
87 88 7
87 91 9
88 92 2
89 93 1
90 91 4
90 94 6
91 95 3
92 93 8
92 96 5
93 97 2
94 95 7
94 98 9
95 99 1
96 97 6
96 100 4
97 98 3
98 99 8
99 100 5